1.000000 3.000000
3.000000 1.000000
4.947072 -0.981134
6.813734 -2.958016
8.538358 -4.900441
10.116839 -6.864592
11.509299 -8.655754
12.768533 -10.224056
13.682710 -11.499876
14.234771 -12.485343
14.500154 -13.306490
14.507854 -13.836106
14.149942 -14.130265
13.477167 -14.132085
12.643140 -13.927238
11.652940 -13.434205
10.506892 -12.722433
9.116687 -11.781080
7.584602 -10.570055
5.905951 -9.188510
4.121179 -7.640220
2.162136 -5.949821
0.219936 -4.092446
-1.730695 -2.184462
-3.542419 -0.283393
-5.188353 1.644655
-6.776862 3.538621
-8.279094 5.377854
-9.576020 7.051622
-10.637442 8.534854
-11.546239 9.840430
-12.171919 10.958992
-12.625921 11.914205
-12.789205 12.684862
-12.733792 13.155793
-12.422779 13.418868
-11.848888 13.446911
-11.033247 13.248255
-10.100808 12.741130
-8.906589 12.025400
-7.514407 11.093764
-5.906190 9.857698
-4.165896 8.486495
-2.377446 6.901097
-0.581576 5.093626
1.193237 3.238491
2.993311 1.342072
4.739727 -0.568064
6.350376 -2.433402
7.769078 -4.231436
8.950159 -5.931696
10.009355 -7.555298
10.896674 -9.068053
11.592258 -10.456238
11.983526 -11.599382
12.140624 -12.524675
12.066068 -13.142358
11.730447 -13.468924
11.184008 -13.415204
10.476344 -13.121073
9.485271 -12.473170
8.316171 -11.602190
7.026493 -10.523578
5.588794 -9.231882
4.044356 -7.826769
2.369888 -6.305546
0.581773 -4.734908
-1.190250 -3.057823
-2.890313 -1.293921
-4.532720 0.432558
-6.064145 2.162019
-7.464967 3.855138
-8.763772 5.433085
-10.080228 6.904037
-11.228883 8.249176
-12.215312 9.436598
-12.846538 10.395652
-13.160665 11.186532
-13.270812 11.762949
-13.067500 12.156506
-12.467853 12.321910
-11.665903 12.244826
-10.702296 11.888167
-9.686863 11.348797
-8.531257 10.568869
-7.240622 9.625716
-5.819615 8.469121
-4.369014 7.180204
-2.793597 5.709161
-1.170959 4.105482
0.538051 2.420935
2.273446 0.653608
3.982405 -1.181235
5.485681 -3.039175
6.869007 -4.829996
8.144481 -6.492274
9.311874 -7.859327
10.327569 -9.106903
11.123914 -10.186245
11.608382 -11.034663
11.800981 -11.704968
11.631761 -12.177365
11.192695 -12.378118
10.587013 -12.339195
9.656054 -12.126771
8.512544 -11.609973
7.204226 -10.826438
5.733524 -9.733060
4.100194 -8.406436
2.422192 -6.846023
0.722490 -5.173878
-1.060915 -3.384158
-2.788636 -1.518456
-4.542162 0.340465
-6.170717 2.072740
-7.677277 3.741004
-8.974239 5.324022
-10.073894 6.800940
-10.971040 8.169724
-11.651579 9.339601
-12.045606 10.305864
-12.244358 11.105906
-12.086833 11.655408
-11.669194 11.845325
-11.085943 11.700779
-10.302069 11.300159
-9.424669 10.727980
-8.310454 9.898277
-7.008848 8.851597
-5.493167 7.618059
-3.827370 6.332445
-2.077730 4.915096
-0.346838 3.407471
1.296210 1.820930
2.962998 0.180685
4.573363 -1.591601
6.056021 -3.273763
7.407522 -4.823144
8.633373 -6.306531
9.763039 -7.708292
10.714794 -9.038388
11.446731 -10.109002
11.907291 -10.968031
12.132798 -11.639934
12.098921 -12.123752
11.826329 -12.390001
11.281653 -12.437911
10.557442 -12.219166
9.642135 -11.733626
8.509886 -11.013438
7.135268 -10.028049
5.578588 -8.832528
3.895670 -7.437263
2.155189 -5.851465
0.268009 -4.139161
-1.600499 -2.348203
-3.412615 -0.462152
-5.113301 1.419039
-6.681686 3.266918
-8.181089 5.060545
-9.532291 6.646486
-10.744708 8.143198
-11.799251 9.428572
-12.684552 10.530397
-13.280824 11.448000
-13.583571 12.158639
-13.670684 12.611688
-13.435243 12.876565
-12.892594 12.900111
-12.040548 12.625656
-10.907468 12.034506
-9.558280 11.186410
-8.089782 10.106769
-6.429462 8.809992
-4.628535 7.329097
-2.719317 5.676420
-0.759947 3.947017
1.135666 2.168708
2.982473 0.219394
4.780263 -1.674656
6.420663 -3.531222
8.077693 -5.453316
9.535607 -7.325599
10.814008 -8.888248
11.786195 -10.325052
12.476059 -11.520623
12.987685 -12.449582
13.276168 -13.172900
13.396460 -13.656456
13.269524 -13.865509
12.914404 -13.692175
12.333673 -13.193384
11.548188 -12.441391
10.569813 -11.512379
9.403126 -10.445423
8.050109 -9.195489
6.588210 -7.681532
5.012350 -5.953449
3.297929 -4.056325
1.601066 -2.040446
-0.036981 0.010053
-1.733677 2.122529
-3.465838 4.277794
-5.082584 6.324887
-6.582116 8.160810
-7.926335 9.742536
-9.098383 11.102720
-10.130993 12.311685
-10.990213 13.314330
-11.599187 14.050172
-11.928169 14.533561
-12.103916 14.795748
-12.001361 14.785686
-11.686247 14.385904
-11.198721 13.779371
-10.548798 12.929229
-9.714342 11.773151
-8.656382 10.377975
-7.394302 8.797508
-5.970098 7.039918
-4.484432 5.076197
-2.924059 3.027208
-1.280559 0.843076
0.443182 -1.303793
2.133890 -3.470384
3.719709 -5.566938
5.241237 -7.522465
6.667376 -9.309455
7.996827 -10.874389
9.079075 -12.199873
9.910106 -13.176258
10.571813 -13.808682
11.093661 -14.277202
11.425324 -14.519263
11.578276 -14.470227
11.464078 -14.118833
11.204572 -13.468873
10.764013 -12.537300
10.100119 -11.377357
9.244363 -9.999458
8.126095 -8.436749
6.798314 -6.704252
5.313199 -4.745023
3.684525 -2.734983
2.011624 -0.666539
0.300823 1.403837
-1.431718 3.476563
-3.181718 5.427861
-4.834996 7.255345
-6.423043 8.938646
-7.940512 10.408167
-9.328463 11.671295
-10.507391 12.676686
-11.510505 13.359665
-12.377922 13.743616
-12.895327 13.814992
-13.153647 13.612156
-13.106769 13.051153
-12.861190 12.180585
-12.371595 11.140339
-11.683116 9.901579
-10.701182 8.388219
-9.528472 6.699042
-8.185077 4.829136
-6.596615 2.846188
-4.778420 0.692370
-2.804802 -1.452329
-0.802874 -3.523755
1.152898 -5.570475
3.089720 -7.592424
4.862956 -9.504016
6.555908 -11.197847
8.185722 -12.727735
9.681623 -13.899482
10.964192 -14.887544
11.965871 -15.535734
12.722842 -15.777311
13.173178 -15.726490
13.350043 -15.388574
13.249765 -14.751974
12.948789 -13.795885
12.333319 -12.553320
11.596032 -11.090809
10.582240 -9.426119
9.399342 -7.523359
8.004284 -5.460780
6.444772 -3.290858
4.636417 -1.087238
2.783734 1.109044
0.896194 3.283169
-1.015371 5.330240
-2.901763 7.280666
-4.661139 9.167386
-6.321640 10.804318
-7.844159 12.210906
-9.206176 13.341172
-10.412594 14.187360
-11.370923 14.756673
-12.108858 14.884712
-12.588807 14.717503
-12.831764 14.243257
-12.872649 13.526401
-12.728353 12.633313
-12.287448 11.493932
-11.643731 10.077163
-10.779806 8.506093
-9.727022 6.844074
-8.494289 5.004646
-7.092944 3.107028
-5.558500 1.178835
-3.914408 -0.742221
-2.161528 -2.659877
-0.291364 -4.560631
1.579695 -6.394598
3.444053 -8.077971
5.159977 -9.653309
6.768730 -10.959991
8.170409 -12.021176
9.501911 -12.780707
10.630121 -13.304890
11.463883 -13.580131
12.050323 -13.554968
12.444852 -13.346936
12.612222 -12.957893
12.557008 -12.264150
12.241124 -11.252227
11.677074 -10.005375
10.895126 -8.571446
9.956772 -7.013726
8.738765 -5.355246
7.416993 -3.568762
5.983624 -1.585456
4.443061 0.437086
2.836478 2.465343
1.209573 4.424002
-0.464236 6.183603
-2.142094 7.740603
-3.751325 9.133503
-5.295762 10.255448
-6.682923 11.233037
-7.914487 12.024909
-8.960058 12.542695
-9.765720 12.795196
-10.406444 12.816243
-10.853839 12.566332
-11.080911 12.032151
-11.106267 11.210623
-10.844853 10.115578
-10.342978 8.783095
-9.697682 7.277701
-8.830392 5.518535
-7.808155 3.640775
-6.639256 1.797351
-5.377902 -0.056538
-3.906570 -1.940187
-2.337810 -3.724956
-0.647568 -5.410581
0.992621 -6.998533
2.657899 -8.432162
4.313314 -9.670798
5.869076 -10.659112
7.316184 -11.525335
8.697954 -12.125580
9.774622 -12.504326
10.674396 -12.673157
11.334987 -12.659239
11.724000 -12.361184
11.906097 -11.875504
11.798124 -11.103172
11.498631 -10.037181
10.963337 -8.730370
10.246005 -7.298252
9.297542 -5.739248
8.217119 -4.029599
6.980632 -2.241697
5.668005 -0.329182
4.206849 1.496233
2.740968 3.315579
1.165473 5.111978
-0.458030 6.834692
-2.147514 8.369657
-3.765255 9.656034
-5.276428 10.695061
-6.628300 11.511424
-7.914228 12.084223
-9.114841 12.484238
-10.094093 12.606194
-10.860904 12.471928
-11.384191 12.123328
-11.636324 11.528341
-11.643036 10.717586
-11.438056 9.698619
-10.975019 8.507438
-10.301447 7.098667
-9.374273 5.594638
-8.249101 3.970104
-7.005256 2.311313
-5.584584 0.533887
-4.119221 -1.320538
-2.514656 -3.082709
-0.891773 -4.868845
0.789380 -6.626856
2.419763 -8.254824
3.917732 -9.738942
5.352904 -11.064348
6.691138 -12.136492
7.863177 -13.000449
8.891983 -13.615169
9.684140 -13.959278
10.227711 -13.994477
10.650392 -13.784963
10.877106 -13.335822
10.918807 -12.485076
10.820191 -11.324887
10.369102 -9.995200
9.704898 -8.485244
8.897692 -6.742346
7.785197 -4.761922
6.531823 -2.755469
5.178819 -0.682993
3.645871 1.415262
2.058262 3.416677
0.432524 5.361172
-1.190199 7.233891
-2.811764 8.942634
-4.364472 10.460423
-5.826388 11.752074
-7.240321 12.816137
-8.472233 13.625052
-9.433102 14.159978
-10.222015 14.458207
-10.806141 14.438715
-11.179401 14.146572
-11.420019 13.629349
-11.379356 12.871981
-11.131522 11.860282
-10.564751 10.619161
-9.801588 9.216179
-8.811140 7.620148
-7.633160 5.801133
-6.281255 3.817774
-4.789427 1.720488
-3.170410 -0.420369
-1.469477 -2.550537
0.273718 -4.724175
1.929078 -6.836610
3.519804 -8.756552
4.932796 -10.548017
6.200127 -12.115291
7.246616 -13.533316
8.166657 -14.706931
8.973734 -15.580443
9.614130 -16.178115
10.108072 -16.386396
10.423063 -16.273774
10.478102 -15.814748
10.312048 -15.077843
9.935812 -14.121739
9.388619 -12.952531
8.703932 -11.533657
7.819627 -9.843060
6.779029 -7.976934
5.606716 -5.911563
4.312177 -3.677900
2.926049 -1.355694
1.533483 0.976442
0.107013 3.211878
-1.316291 5.349305
-2.626324 7.304714
-3.953950 9.148192
-5.256539 10.804400
-6.389178 12.278656
-7.432396 13.506249
-8.429073 14.417103
-9.282916 15.062936
-9.988699 15.408399
-10.514201 15.440830
-10.779587 15.170655
-10.812595 14.613043
-10.636924 13.713490
-10.331807 12.572538
-9.794413 11.192073
-9.049087 9.673466
-8.072463 7.979182
-6.991710 6.191805
-5.783632 4.302522
-4.437773 2.381015
-2.940837 0.475467
-1.404627 -1.538908
0.104275 -3.552800
1.670976 -5.461630
3.261523 -7.184959
4.695938 -8.718065
5.967740 -10.102923
6.980709 -11.339315
7.847528 -12.385619
8.606200 -13.238040
9.180429 -13.863822
9.594176 -14.223477
9.809258 -14.296918
