6.060332 13.207545
-0.221075 -17.881604
-2.240649 -16.580299
-0.804050 -11.166090
10.297542 -9.804530
0.543714 -17.490959
21.870495 -0.344204
-0.991328 -3.413063
22.556540 -20.201679
14.657965 -9.091913
20.050448 -20.352300
21.984277 -24.319832
5.293272 -13.220472
20.132354 -16.301666
0.167135 -37.420854
21.814032 -7.880775
16.311691 -17.025683
12.435438 -5.112609
6.827227 -12.472541
-0.197362 -11.303164
13.989005 -26.886972
0.796547 -8.299671
3.901993 -10.125189
-13.024882 11.669664
17.972134 -6.213906
-1.471156 -8.904102
-0.310743 8.066653
-19.543467 9.403119
-4.076174 1.772516
-5.249512 10.523198
-12.983190 26.722752
-15.500044 25.164797
-12.595838 -1.323047
-11.320201 -1.391639
-24.808096 25.363877
-1.910920 21.392616
-8.259788 7.385159
6.690671 10.052511
-9.395262 -5.309929
-3.698123 -4.063172
7.586915 8.146757
18.094083 10.613711
16.109160 10.075792
3.087811 -5.946804
3.764194 0.941607
2.097802 -18.040614
7.128496 4.377041
-2.604608 -1.033747
-6.790519 3.514571
14.880597 18.646478
19.271045 1.281435
12.939532 -1.537259
18.864863 -11.454926
1.798370 -4.213351
10.320618 -12.374356
28.607475 4.111063
-1.817041 -19.324313
14.554080 -17.715913
16.299755 -6.468700
1.801133 -22.319794
8.942402 -3.583591
-13.635754 -0.431685
1.631601 -14.642065
5.227535 -4.636193
5.799676 -25.382531
-11.962225 -1.826091
12.962457 -6.455846
0.244697 -10.896323
-7.549711 5.261789
-10.030184 -7.820344
-9.900635 11.086533
-5.229599 -3.919955
-27.148824 7.090228
-17.879258 23.486449
-13.560516 10.653521
1.890945 24.956784
-1.356905 22.015453
-29.298773 8.147451
-19.507128 23.473735
-17.413379 12.792558
2.745395 10.942449
-5.408985 20.992087
-13.373553 1.973509
-16.187450 27.444634
-3.152475 18.949887
-8.587972 25.537139
-29.537743 -4.916506
2.166461 -8.851359
-9.369156 -0.929483
3.907666 7.910796
-1.384501 3.449853
-4.425146 -5.491218
2.864974 -17.813399
-1.516685 -20.426795
16.494065 -18.176944
1.656939 -4.838730
-3.799630 -6.267000
23.427843 2.759649
11.635862 -19.890969
20.720175 -4.400674
6.319910 0.204675
19.123140 -12.847257
14.668572 -2.096918
-3.806218 -16.452632
18.500489 -33.291803
-6.217563 -13.068046
-9.927949 0.040762
-6.196643 2.899389
13.605861 -14.845240
12.381466 -1.175674
-5.239128 16.299084
11.126513 0.027565
-19.432219 -4.425436
-13.628733 1.747646
-6.611524 -3.968526
-3.334500 6.154234
-8.814538 11.151250
-23.962966 22.837319
-9.206569 -0.829793
-19.620647 16.648183
-8.640854 14.415892
-14.092657 24.646395
-9.013582 6.619068
-13.015289 8.679222
-4.006300 2.902253
-5.376306 25.576067
-9.762496 -6.117707
-18.366599 9.427793
-5.625246 7.076794
1.565998 6.686685
3.319177 -4.055617
4.201318 15.254661
-10.373131 3.932046
-4.897415 -1.013457
2.433506 -15.504441
-6.980812 -14.326011
17.356267 9.504150
18.662877 10.851044
1.365073 2.582473
-7.969968 1.293101
11.783819 -15.816735
9.184844 -18.801624
9.184209 -31.815085
13.539453 -12.089534
20.911796 -14.574733
12.205904 -21.306904
21.822257 -16.900660
12.947112 5.885003
-5.244710 -19.385220
17.875189 -15.955281
-15.211349 0.228121
-0.387968 -21.913246
2.680109 1.949792
12.520517 -5.862316
-14.236958 -23.046815
-5.306399 -9.874162
-0.326684 8.328173
-3.651180 13.537110
-4.420038 9.781066
-14.630774 6.136740
5.666989 -4.029133
-14.909219 3.566267
-22.478850 -3.249667
-25.995254 17.431344
-16.712240 7.658164
-12.737124 20.463451
-20.864867 -6.091274
-19.895673 26.668729
-0.673742 25.906668
14.481895 16.006095
-15.759360 15.344270
-18.167391 21.338197
-1.602106 15.781594
-0.311255 15.941714
-3.210682 -0.964844
-15.926632 4.640524
-1.779608 -4.027981
-11.270010 -1.489518
-11.074206 -2.514094
6.988474 5.875179
4.640400 -22.372175
2.939916 0.529313
16.692187 17.486727
21.587800 -2.793549
35.208333 -25.598938
15.509221 -11.118102
20.176516 3.343086
22.944852 -12.327110
20.841754 -10.934305
25.458226 -4.907338
6.852265 -42.971986
9.295838 -23.299354
20.480010 -30.053578
-7.907817 -14.549220
-0.458634 -5.159352
-0.330964 -12.952425
15.949905 -11.055801
23.738194 -4.171081
-15.773356 12.383070
-5.554400 -1.239663
1.967114 -0.947404
-1.842075 -2.288749
-6.194407 6.337099
-0.068200 -1.203331
18.567159 31.532615
-9.062081 4.869281
16.213532 32.598881
-14.069114 7.695214
-10.666548 9.010082
-3.809090 -3.907060
-3.875273 22.940029
-23.096090 40.262636
-6.839533 33.054327
3.428313 9.381207
7.115756 2.765758
-18.414972 18.153775
0.036326 11.595171
3.050844 3.540749
9.592995 10.948572
2.700854 17.198737
-4.024272 15.721774
-14.596827 12.732440
5.807678 7.730454
12.280359 -0.646058
-17.793371 -11.571461
16.339573 -6.306409
19.464674 -25.171200
15.403134 -0.149862
3.782188 1.376943
-0.649522 10.870130
9.659882 -12.150425
7.768555 -1.654515
10.324832 -8.861519
-1.550534 -6.289559
-6.783793 -25.960665
15.631583 -4.095421
18.050106 -26.522150
6.680119 -7.054634
1.210112 6.692468
27.329701 -4.934101
-11.760080 0.202518
7.524062 -19.019309
8.714004 -4.338267
15.828423 -10.352742
-2.381377 4.617265
-2.440192 5.643275
6.084653 0.751065
9.141248 3.562999
-16.616987 5.634813
-10.107122 11.553979
-1.204930 20.337218
-11.052725 11.522956
-16.518370 6.820434
-19.134922 20.115024
1.291534 -6.444515
-21.909926 22.655404
-18.227544 8.962377
-7.059112 15.142650
-15.932838 15.007371
-17.335421 5.280798
-4.815453 2.277478
-8.080143 4.541362
-2.862291 -3.206245
4.319736 0.730051
-6.717350 5.345673
16.048006 17.103516
13.769470 -5.018554
-25.255873 -8.062821
0.128267 6.246197
-3.018803 -1.440185
7.970301 7.185827
-0.444613 -4.854234
9.402227 -12.185300
16.172105 -10.903004
26.495270 -19.636532
-3.330845 0.603900
2.689817 -7.709411
1.834545 -11.467076
-0.735180 -4.364964
5.299263 -13.151960
32.301801 -32.798579
31.228033 -22.999221
14.384010 -21.207448
20.704223 -21.235950
3.284996 -4.608217
9.105163 -0.406720
0.234299 3.109729
7.119539 4.275512
-0.211410 6.958827
-21.688071 -3.387095
-0.722522 1.740970
-3.280485 24.134813
-3.443695 17.722690
-1.039944 12.842216
-19.236852 8.763895
-15.318455 17.015679
-1.677441 -5.927764
-13.805468 6.163218
-7.723414 -12.304616
-1.581527 25.387210
-5.701804 20.500043
-28.665463 9.414320
-27.181301 20.316078
-11.247223 32.519860
-12.601535 13.284226
-11.212749 22.919754
-13.833513 17.624346
6.401205 -9.724124
-1.922111 -5.313812
0.172270 -1.267680
-0.645852 -8.706409
10.794174 -17.400843
-1.807402 0.542295
-1.883435 -2.160902
-2.197851 -18.161153
12.129992 -7.585535
4.175177 -8.322278
18.332797 -24.043267
0.280967 -11.907386
3.522760 -35.712082
24.983853 -17.935328
20.332917 -24.699372
-0.307105 -0.906413
9.374273 -23.629567
26.267159 -0.868243
8.033865 -1.029015
17.975455 -6.460287
18.326855 -2.265549
9.070917 -12.370736
7.688855 -16.132856
9.737758 -12.272064
-0.427222 -1.094443
10.899058 -4.456687
5.956442 -1.839881
-9.446156 12.523936
-7.815852 9.677298
-4.026465 -6.763759
2.053956 2.440093
-3.540771 22.642019
4.380362 21.514221
-19.339277 20.735761
-17.963641 23.833649
-19.626012 -5.923997
-19.366669 16.163710
-17.512241 13.629374
-4.464106 7.640711
-12.847420 13.379880
-17.030854 2.909669
-28.492599 8.896997
-15.204840 -0.044230
-0.284705 -3.386534
-1.332390 -1.158750
-16.165550 -4.140181
22.100721 -8.371246
4.895684 -13.929396
-0.115359 7.633906
-8.500899 -21.161395
-24.862698 -10.800641
-2.555792 -8.203791
-7.598684 -20.292732
9.556847 -20.244626
3.413607 -4.830910
7.984820 -22.114177
20.734930 -7.725772
1.952708 -1.026684
4.214700 -8.954118
4.138828 -20.244837
17.173928 -8.442157
7.064650 -13.957714
5.096501 -6.620339
12.464062 -23.075567
11.864852 -2.730345
-9.206021 -1.860034
9.924352 5.932621
15.853107 10.046093
-12.455247 7.557553
9.318773 14.143298
1.978481 -7.184074
1.178609 -5.347986
-5.941766 6.905105
-7.210709 22.406964
20.527478 2.605902
5.488399 4.820724
-17.000884 10.908493
-28.182619 28.672429
-14.231360 -1.535760
0.366411 16.578087
-0.780298 5.430053
-16.058979 -3.420208
1.834019 11.895202
-9.043972 4.943689
-19.460829 -11.775442
-8.851214 0.612730
2.830572 13.847725
-14.182981 37.273628
-22.244866 16.234347
-10.771403 -12.874228
-15.810803 -8.549548
-21.013264 -1.159811
12.605608 -5.060403
3.577088 -14.122538
-7.024555 -21.840464
9.940659 -5.025766
-2.520375 -18.735207
13.640470 -6.498749
13.248289 1.009113
14.165743 1.729275
-0.779592 -17.069433
9.618289 -6.014155
14.280945 12.813298
31.574526 -9.148048
4.192694 -19.744313
8.127233 -16.666323
5.599177 -23.740489
-10.226738 -13.411627
-1.363554 -10.835613
24.179209 -8.900089
8.434898 -15.576256
10.266105 2.516239
10.916389 7.356266
-9.858016 5.963460
18.554175 13.256873
-5.374316 2.861410
7.617476 -1.986910
7.990569 -3.413457
-17.456831 17.348360
-20.988177 -2.682927
-16.144533 14.113955
0.965216 17.957586
8.911912 1.716261
5.686150 -6.291173
-1.603655 17.090518
-17.537202 33.672894
-24.263476 29.347906
-1.749023 13.991354
2.052098 13.020720
-1.233205 23.565757
-8.217559 10.973952
-2.369849 13.387983
-17.971220 -0.020312
1.203994 5.423339
-18.638612 -5.283575
1.479361 -5.351109
25.495460 8.726944
-12.708954 -11.449293
0.691366 -22.809695
5.127599 -3.150476
14.714823 -11.980458
7.358582 -5.942478
24.492219 -15.281797
18.787216 -6.749736
24.049614 -24.360246
7.342321 -14.182800
21.082630 -32.670696
1.538138 -0.913992
-3.908682 -14.768277
15.758372 1.429821
5.000583 -14.442755
28.154942 -15.267958
20.719989 5.063289
15.469425 -12.342628
5.752215 0.042120
2.320022 -4.759086
15.425732 14.439778
12.806679 3.917891
5.911999 3.986200
-22.026882 7.721561
2.222717 8.043909
-9.896676 -3.432032
-8.624558 4.739567
1.638779 5.348467
-6.303318 9.695427
-12.930442 -1.817319
-6.922987 10.823155
-5.853931 12.731843
-9.596901 8.330087
4.071069 8.467959
-14.626905 8.307343
-4.987949 6.512576
-4.859720 14.041736
5.362552 -0.732793
-21.484652 17.606498
2.448730 5.280290
14.091064 13.049628
-9.158011 23.841760
-2.616240 9.166150
10.237676 -5.035410
11.353327 12.437251
-5.748669 6.221995
-2.698918 3.909760
3.599800 -10.707688
10.637091 -10.893643
-16.038892 5.590655
4.679978 -9.386191
17.108447 4.698211
-5.846402 1.564483
19.831419 -22.276520
16.253726 -18.981442
28.498216 -3.811814
23.315489 -8.846845
